[1] Add data point (-0.330481,0.627066):
Posterior mean:
0.295445	-0.097639	0.032268	-0.010664	
Posterior covariance:
0.528846	0.155707	-0.051458	0.017006	0.155707	0.948542	0.017006	-0.005620	-0.051458	0.017006	0.994380	0.001857	0.017006	-0.005620	0.001857	0.999386	
Predictive distribution ~ N(0.331621,1.528846)
[2] Add data point (0.958644,8.018605):
Posterior mean:
1.473660	1.864877	1.638323	1.619952	
Posterior covariance:
0.431251	-0.006853	-0.184492	-0.118062	-0.006853	0.677770	-0.204584	-0.230599	-0.184492	-0.204584	0.813038	-0.182258	-0.118062	-0.230599	-0.182258	0.812455	
Predictive distribution ~ N(6.194193,1.765996)
[3] Add data point (-0.154313,0.134322):
Posterior mean:
1.151768	1.951647	1.738187	1.687437	
Posterior covariance:
0.304127	0.027414	-0.145053	-0.091411	0.027414	0.668532	-0.215216	-0.237784	-0.145053	-0.215216	0.800802	-0.190526	-0.091411	-0.237784	-0.190526	0.806868	
Predictive distribution ~ N(0.885794,1.307159)
[4] Add data point (-0.713127,1.703329):
Posterior mean:
1.361903	1.544621	2.155739	1.419255	
Posterior covariance:
0.273454	0.086827	-0.206002	-0.052265	0.086827	0.553452	-0.097159	-0.313608	-0.206002	-0.097159	0.679693	-0.112741	-0.052265	-0.313608	-0.112741	0.756909	
Predictive distribution ~ N(0.841985,1.484640)
[5] Add data point (0.782610,8.041509):
Posterior mean:
1.807777	2.271719	2.343805	1.410020	
Posterior covariance:
0.249018	0.046978	-0.216309	-0.051759	0.046978	0.488470	-0.113967	-0.312782	-0.216309	-0.113967	0.675345	-0.112528	-0.051759	-0.312782	-0.112528	0.756898	
Predictive distribution ~ N(5.697042,1.324387)
[6] Add data point (-0.046486,-0.382502):
Posterior mean:
1.394204	2.231337	2.695551	1.473034	
Posterior covariance:
0.200256	0.042217	-0.174836	-0.044329	0.042217	0.488005	-0.109918	-0.312057	-0.174836	-0.109918	0.640073	-0.118847	-0.044329	-0.312057	-0.118847	0.755766	
Predictive distribution ~ N(1.296155,1.196661)
[7] Add data point (-0.262492,0.577169):
Posterior mean:
1.336015	2.260054	2.728166	1.467891	
Posterior covariance:
0.173737	0.055304	-0.159972	-0.046673	0.055304	0.481546	-0.117254	-0.310900	-0.159972	-0.117254	0.631741	-0.117533	-0.046673	-0.310900	-0.117533	0.755559	
Predictive distribution ~ N(0.904198,1.162355)
[8] Add data point (-0.554317,-0.372324):
Posterior mean:
1.251153	2.422238	2.628910	1.500494	
Posterior covariance:
0.165454	0.071133	-0.169660	-0.043491	0.071133	0.451294	-0.098739	-0.316982	-0.169660	-0.098739	0.620411	-0.113811	-0.043491	-0.316982	-0.113811	0.754337	
Predictive distribution ~ N(0.460674,1.201967)
[9] Add data point (0.193909,3.012981):
Posterior mean:
1.421858	2.573224	2.464381	1.397868	
Posterior covariance:
0.140542	0.049098	-0.145648	-0.028514	0.049098	0.431805	-0.077502	-0.303735	-0.145648	-0.077502	0.597268	-0.128246	-0.028514	-0.303735	-0.128246	0.745333	
Predictive distribution ~ N(2.023682,1.163275)
[10] Add data point (-0.633059,-0.008256):
Posterior mean:
1.401778	2.634595	2.404025	1.424283	
Posterior covariance:
0.137844	0.057344	-0.153758	-0.024965	0.057344	0.406603	-0.052717	-0.314581	-0.153758	-0.052717	0.572893	-0.117579	-0.024965	-0.314581	-0.117579	0.740664	
Predictive distribution ~ N(0.336020,1.206914)
[11] Add data point (0.519747,2.741922):
Posterior mean:
1.312309	2.481160	2.435334	1.509104	
Posterior covariance:
0.125358	0.035931	-0.149388	-0.013128	0.035931	0.369882	-0.045223	-0.294281	-0.149388	-0.045223	0.571364	-0.121721	-0.013128	-0.294281	-0.121721	0.729442	
Predictive distribution ~ N(3.471640,1.169423)
[12] Add data point (-0.993942,-0.303901):
Posterior mean:
1.313855	2.484159	2.415451	1.528219	
Posterior covariance:
0.124419	0.034109	-0.137310	-0.024740	0.034109	0.366346	-0.021783	-0.316815	-0.137310	-0.021783	0.415973	0.027664	-0.024740	-0.316815	0.027664	0.585831	
Predictive distribution ~ N(-0.269594,1.537351)
[13] Add data point (-0.727941,1.502512):
Posterior mean:
1.354333	2.348493	2.513719	1.522172	
Posterior covariance:
0.123292	0.037886	-0.140045	-0.024571	0.037886	0.353688	-0.012615	-0.317379	-0.140045	-0.012615	0.409331	0.028072	-0.024571	-0.317379	0.028072	0.585806	
Predictive distribution ~ N(0.389629,1.148210)
[14] Add data point (0.034120,3.067480):
Posterior mean:
1.534455	2.420771	2.311046	1.471005	
Posterior covariance:
0.109544	0.032369	-0.124575	-0.020666	0.032369	0.351474	-0.006407	-0.315812	-0.124575	-0.006407	0.391925	0.023678	-0.020666	-0.315812	0.023678	0.584696	
Predictive distribution ~ N(1.619801,1.111869)
[15] Add data point (-0.527727,-0.332034):
Posterior mean:
1.478471	2.520652	2.325340	1.409631	
Posterior covariance:
0.106194	0.038345	-0.123720	-0.024337	0.038345	0.340813	-0.007932	-0.309262	-0.123720	-0.007932	0.391706	0.024615	-0.024337	-0.309262	0.024615	0.580671	
Predictive distribution ~ N(0.588680,1.094149)
[16] Add data point (0.281938,0.604729):
Posterior mean:
1.308957	2.318950	2.475209	1.563143	
Posterior covariance:
0.096158	0.026402	-0.114847	-0.015248	0.026402	0.326603	0.002626	-0.298447	-0.114847	0.002626	0.383861	0.016579	-0.015248	-0.298447	0.016579	0.572440	
Predictive distribution ~ N(2.194541,1.117183)
[17] Add data point (0.620805,4.110164):
Posterior mean:
1.310825	2.323539	2.476328	1.561491	
Posterior covariance:
0.092570	0.017589	-0.116994	-0.012074	0.017589	0.304956	-0.002649	-0.290651	-0.116994	-0.002649	0.382575	0.018479	-0.012074	-0.290651	0.018479	0.569633	
Predictive distribution ~ N(4.081260,1.141212)
[18] Add data point (-0.529775,0.428305):
Posterior mean:
1.305363	2.334157	2.477475	1.554964	
Posterior covariance:
0.090077	0.022434	-0.116471	-0.015053	0.022434	0.295537	-0.003667	-0.284860	-0.116471	-0.003667	0.382466	0.019105	-0.015053	-0.284860	0.019105	0.566073	
Predictive distribution ~ N(0.532913,1.085611)
[19] Add data point (-0.852569,0.404694):
Posterior mean:
1.304459	2.322667	2.509017	1.532445	
Posterior covariance:
0.090061	0.022235	-0.115923	-0.015444	0.022235	0.293000	0.003296	-0.289831	-0.115923	0.003296	0.363351	0.032751	-0.015444	-0.289831	0.032751	0.556330	
Predictive distribution ~ N(0.198292,1.181516)
[20] Add data point (0.056459,-0.480504):
Posterior mean:
1.144304	2.254453	2.710782	1.588099	
Posterior covariance:
0.082493	0.019011	-0.106388	-0.012814	0.019011	0.291627	0.007357	-0.288711	-0.106388	0.007357	0.351338	0.029438	-0.012814	-0.288711	0.029438	0.555416	
Predictive distribution ~ N(1.280516,1.084886)
[21] Add data point (0.317018,2.943657):
Posterior mean:
1.197879	2.325732	2.663858	1.530187	
Posterior covariance:
0.077047	0.011765	-0.101618	-0.006927	0.011765	0.281987	0.013703	-0.280879	-0.101618	0.013703	0.347160	0.024282	-0.006927	-0.280879	0.024282	0.549053	
Predictive distribution ~ N(2.251648,1.091398)
[22] Add data point (-0.306578,-1.386276):
Posterior mean:
1.074061	2.451899	2.806611	1.403361	
Posterior covariance:
0.073227	0.015658	-0.097214	-0.010840	0.015658	0.278021	0.009216	-0.276892	-0.097214	0.009216	0.342083	0.028793	-0.010840	-0.276892	0.028793	0.545045	
Predictive distribution ~ N(0.545718,1.070003)
[23] Add data point (0.653607,3.859166):
Posterior mean:
1.060117	2.407457	2.784035	1.413156	
Posterior covariance:
0.071898	0.011423	-0.099365	-0.009907	0.011423	0.264525	0.002360	-0.273918	-0.099365	0.002360	0.338600	0.030304	-0.009907	-0.273918	0.030304	0.544389	
Predictive distribution ~ N(4.217581,1.122212)
[24] Add data point (0.582681,4.723180):
Posterior mean:
1.100250	2.512492	2.805540	1.364905	
Posterior covariance:
0.070237	0.007076	-0.100255	-0.007909	0.007076	0.253147	0.000030	-0.268691	-0.100255	0.000030	0.338123	0.031374	-0.007909	-0.268691	0.031374	0.541988	
Predictive distribution ~ N(3.786777,1.095694)
[25] Add data point (0.039997,-1.605898):
Posterior mean:
0.915548	2.467382	3.067294	1.413657	
Posterior covariance:
0.065614	0.005947	-0.093704	-0.006689	0.005947	0.252872	0.001630	-0.268393	-0.093704	0.001630	0.328839	0.029645	-0.006689	-0.268393	0.029645	0.541666	
Predictive distribution ~ N(1.019232,1.066194)
[26] Add data point (-0.703210,-1.927971):
Posterior mean:
0.881681	2.618498	2.955609	1.397431	
Posterior covariance:
0.065338	0.007181	-0.094616	-0.006822	0.007181	0.247366	0.005700	-0.267802	-0.094616	0.005700	0.325832	0.029208	-0.006822	-0.267802	0.029208	0.541603	
Predictive distribution ~ N(0.015946,1.088918)
[27] Add data point (0.884331,6.821466):
Posterior mean:
0.879788	2.630682	3.005613	1.438893	
Posterior covariance:
0.065300	0.007428	-0.093602	-0.005981	0.007428	0.245776	-0.000825	-0.273211	-0.093602	-0.000825	0.299056	0.007007	-0.005981	-0.273211	0.007007	0.523194	
Predictive distribution ~ N(6.551812,1.221361)
[28] Add data point (-0.388881,-0.887803):
Posterior mean:
0.828932	2.706229	3.056323	1.365073	
Posterior covariance:
0.063081	0.010723	-0.091390	-0.009201	0.010723	0.240881	-0.004110	-0.268428	-0.091390	-0.004110	0.296851	0.010217	-0.009201	-0.268428	0.010217	0.518521	
Predictive distribution ~ N(0.158454,1.061217)
[29] Add data point (-0.432741,-0.930429):
Posterior mean:
0.787316	2.777974	3.090794	1.298946	
Posterior covariance:
0.061414	0.013598	-0.090009	-0.011850	0.013598	0.235925	-0.006491	-0.263860	-0.090009	-0.006491	0.295707	0.012412	-0.011850	-0.263860	0.012412	0.514311	
Predictive distribution ~ N(0.058707,1.057952)
[30] Add data point (0.420394,3.028204):
Posterior mean:
0.807450	2.814779	3.074974	1.266003	
Posterior covariance:
0.059058	0.009292	-0.088158	-0.007996	0.009292	0.228054	-0.003108	-0.256815	-0.088158	-0.003108	0.294253	0.009384	-0.007996	-0.256815	0.009384	0.508005	
Predictive distribution ~ N(2.628270,1.070563)
[31] Add data point (0.030651,1.945726):
Posterior mean:
0.866117	2.830888	2.987878	1.250317	
Posterior covariance:
0.055744	0.008382	-0.083238	-0.007110	0.008382	0.227804	-0.001757	-0.256572	-0.083238	-0.001757	0.286949	0.008068	-0.007110	-0.256572	0.008068	0.507768	
Predictive distribution ~ N(0.955730,1.056315)
[32] Add data point (0.520364,3.758310):
Posterior mean:
0.880907	2.867410	2.985728	1.223262	
Posterior covariance:
0.054498	0.005304	-0.083057	-0.004830	0.005304	0.220203	-0.001310	-0.250941	-0.083057	-0.001310	0.286923	0.007737	-0.004830	-0.250941	0.007737	0.503597	
Predictive distribution ~ N(3.353839,1.067762)
[33] Add data point (0.714672,6.290678):
Posterior mean:
0.898730	2.956388	3.068350	1.227819	
Posterior covariance:
0.054317	0.004400	-0.083896	-0.004876	0.004400	0.215693	-0.005498	-0.251172	-0.083896	-0.005498	0.283034	0.007522	-0.004876	-0.251172	0.007522	0.503585	
Predictive distribution ~ N(5.026940,1.090191)
[34] Add data point (0.170939,0.548424):
Posterior mean:
0.851385	2.920510	3.137240	1.268396	
Posterior covariance:
0.051700	0.002417	-0.080088	-0.002633	0.002417	0.214190	-0.002612	-0.249472	-0.080088	-0.002612	0.277493	0.004259	-0.002633	-0.249472	0.004259	0.501662	
Predictive distribution ~ N(1.448619,1.053877)
[35] Add data point (-0.328426,0.121053):
Posterior mean:
0.848789	2.924149	3.140270	1.264597	
Posterior covariance:
0.049998	0.004803	-0.078101	-0.005124	0.004803	0.210847	-0.005397	-0.245982	-0.078101	-0.005397	0.275174	0.007166	-0.005124	-0.245982	0.007166	0.498018	
Predictive distribution ~ N(0.182345,1.051531)
[36] Add data point (-0.898137,-2.159607):
Posterior mean:
0.871214	2.941805	2.903676	1.494103	
Posterior covariance:
0.049845	0.004682	-0.076491	-0.006686	0.004682	0.210752	-0.004129	-0.247211	-0.076491	-0.004129	0.258187	0.023644	-0.006686	-0.247211	0.023644	0.482034	
Predictive distribution ~ N(-0.511131,1.175362)
[37] Add data point (0.354117,0.730529):
Posterior mean:
0.807710	2.838315	2.971624	1.600705	
Posterior covariance:
0.048207	0.002012	-0.074738	-0.003935	0.002012	0.206400	-0.001272	-0.242729	-0.074738	-0.001272	0.256311	0.020701	-0.003935	-0.242729	0.020701	0.477417	
Predictive distribution ~ N(2.256523,1.053877)
[38] Add data point (0.110767,1.624262):
Posterior mean:
0.828696	2.849151	2.939948	1.587489	
Posterior covariance:
0.046056	0.000902	-0.071491	-0.002581	0.000902	0.205827	0.000404	-0.242029	-0.071491	0.000404	0.251411	0.018656	-0.002581	-0.242029	0.018656	0.476564	
Predictive distribution ~ N(1.182518,1.046987)
[39] Add data point (-0.590302,0.680945):
Posterior mean:
0.845422	2.793242	2.949472	1.626066	
Posterior covariance:
0.045633	0.002315	-0.071732	-0.003556	0.002315	0.201102	0.001209	-0.238769	-0.071732	0.001209	0.251274	0.018101	-0.003556	-0.238769	0.018101	0.474314	
Predictive distribution ~ N(-0.110144,1.053949)
[40] Add data point (-0.066855,0.980734):
Posterior mean:
0.858783	2.789972	2.928555	1.629718	
Posterior covariance:
0.043683	0.002793	-0.068679	-0.004089	0.002793	0.200985	0.000462	-0.238639	-0.068679	0.000462	0.246494	0.018936	-0.004089	-0.238639	0.018936	0.474168	
Predictive distribution ~ N(0.684863,1.043591)
[41] Add data point (0.080602,1.432243):
Posterior mean:
0.872460	2.795910	2.907461	1.622496	
Posterior covariance:
0.041874	0.002008	-0.065890	-0.003134	0.002008	0.200644	0.001673	-0.238224	-0.065890	0.001673	0.242192	0.017463	-0.003134	-0.238224	0.017463	0.473664	
Predictive distribution ~ N(1.117554,1.042634)
[42] Add data point (0.816261,7.168531):
Posterior mean:
0.870264	2.835089	3.019041	1.697680	
Posterior covariance:
0.041871	0.002076	-0.065694	-0.003002	0.002076	0.199419	-0.001816	-0.240575	-0.065694	-0.001816	0.232257	0.010768	-0.003002	-0.240575	0.010768	0.469153	
Predictive distribution ~ N(6.119271,1.121427)
[43] Add data point (-0.437996,2.340928):
Posterior mean:
0.932413	2.693019	2.972886	1.838904	
Posterior covariance:
0.041089	0.003862	-0.065114	-0.004778	0.003862	0.195336	-0.003142	-0.236516	-0.065114	-0.003142	0.231826	0.012086	-0.004778	-0.236516	0.012086	0.465119	
Predictive distribution ~ N(0.168687,1.045545)
[44] Add data point (-0.478316,0.841849):
Posterior mean:
0.949492	2.648785	2.964716	1.880261	
Posterior covariance:
0.040498	0.005393	-0.064831	-0.006209	0.005393	0.191372	-0.003874	-0.232810	-0.064831	-0.003874	0.231691	0.012771	-0.006209	-0.232810	0.012771	0.461653	
Predictive distribution ~ N(0.155061,1.044309)
[45] Add data point (0.409189,2.300265):
Posterior mean:
0.938766	2.625882	2.973846	1.903370	
Posterior covariance:
0.039558	0.003384	-0.064031	-0.004182	0.003384	0.187083	-0.002165	-0.228482	-0.064031	-0.002165	0.231009	0.011046	-0.004182	-0.228482	0.011046	0.457286	
Predictive distribution ~ N(2.641583,1.047405)
[46] Add data point (0.846728,7.027161):
Posterior mean:
0.935721	2.636774	3.027683	1.947807	
Posterior covariance:
0.039526	0.003498	-0.063469	-0.003719	0.003498	0.186677	-0.004173	-0.230139	-0.063469	-0.004173	0.221083	0.002853	-0.003719	-0.230139	0.002853	0.450524	
Predictive distribution ~ N(6.521480,1.124259)
[47] Add data point (-0.298301,1.364607):
Posterior mean:
0.967268	2.592279	2.986850	1.998793	
Posterior covariance:
0.038485	0.004967	-0.062121	-0.005402	0.004967	0.184605	-0.006074	-0.227766	-0.062121	-0.006074	0.219339	0.005031	-0.005402	-0.227766	0.005031	0.447804	
Predictive distribution ~ N(0.406713,1.039924)
[48] Add data point (0.419802,3.281322):
Posterior mean:
0.982664	2.626285	2.973339	1.963492	
Posterior covariance:
0.037669	0.003165	-0.061406	-0.003531	0.003165	0.180626	-0.004493	-0.223635	-0.061406	-0.004493	0.218710	0.003390	-0.003531	-0.223635	0.003390	0.443516	
Predictive distribution ~ N(2.754451,1.044745)
[49] Add data point (0.953885,9.691185):
Posterior mean:
0.956106	2.593212	3.171620	2.212589	
Posterior covariance:
0.037399	0.002828	-0.059388	-0.000997	0.002828	0.180207	-0.001980	-0.220479	-0.059388	-0.001980	0.203649	-0.015532	-0.000997	-0.220479	-0.015532	0.419744	
Predictive distribution ~ N(8.235967,1.188718)
[50] Add data point (-0.088672,2.133067):
Posterior mean:
1.005027	2.575857	3.094800	2.236779	
Posterior covariance:
0.036102	0.003288	-0.057351	-0.001638	0.003288	0.180043	-0.002703	-0.220251	-0.057351	-0.002703	0.200450	-0.014525	-0.001638	-0.220251	-0.014525	0.419427	
Predictive distribution ~ N(0.799395,1.036024)
[51] Add data point (0.042516,0.900889):
Posterior mean:
0.997377	2.573545	3.106889	2.239107	
Posterior covariance:
0.034842	0.002908	-0.055360	-0.001255	0.002908	0.179928	-0.002101	-0.220135	-0.055360	-0.002101	0.197304	-0.015131	-0.001255	-0.220135	-0.015131	0.419311	
Predictive distribution ~ N(1.112581,1.035213)
[52] Add data point (-0.806619,0.128478):
Posterior mean:
0.996440	2.564358	3.133944	2.221563	
Posterior covariance:
0.034834	0.002835	-0.055146	-0.001394	0.002835	0.179214	0.000004	-0.221500	-0.055146	0.000004	0.191104	-0.011110	-0.001394	-0.221500	-0.011110	0.416703	
Predictive distribution ~ N(-0.198877,1.092289)
[53] Add data point (0.927593,7.367760):
Posterior mean:
1.001000	2.567526	3.092682	2.173832	
Posterior covariance:
0.034728	0.002761	-0.054185	-0.000284	0.002761	0.179162	0.000671	-0.220729	-0.054185	0.000671	0.182417	-0.021159	-0.000284	-0.220729	-0.021159	0.405079	
Predictive distribution ~ N(7.778641,1.138578)
[54] Add data point (0.940251,8.361443):
Posterior mean:
0.997187	2.563413	3.124450	2.212672	
Posterior covariance:
0.034626	0.002651	-0.053337	0.000753	0.002651	0.179044	0.001586	-0.219610	-0.053337	0.001586	0.175350	-0.029799	0.000753	-0.219610	-0.029799	0.394516	
Predictive distribution ~ N(8.008964,1.130047)
[55] Add data point (0.614007,3.303924):
Posterior mean:
0.982232	2.506278	3.118176	2.262158	
Posterior covariance:
0.034371	0.001677	-0.053444	0.001597	0.001677	0.175323	0.001177	-0.216387	-0.053444	0.001177	0.175305	-0.029445	0.001597	-0.216387	-0.029445	0.391724	
Predictive distribution ~ N(4.220325,1.042772)
[56] Add data point (-0.497886,0.593558):
Posterior mean:
0.989284	2.485702	3.115740	2.281003	
Posterior covariance:
0.033984	0.002809	-0.053310	0.000560	0.002809	0.172022	0.000787	-0.213364	-0.053310	0.000787	0.175259	-0.029087	0.000560	-0.213364	-0.029087	0.388955	
Predictive distribution ~ N(0.242526,1.039319)
[57] Add data point (-0.713428,-0.245972):
Posterior mean:
0.988322	2.494413	3.106231	2.281679	
Posterior covariance:
0.033963	0.002993	-0.053512	0.000575	0.002993	0.170354	0.002608	-0.213494	-0.053512	0.002608	0.173271	-0.028946	0.000575	-0.213494	-0.028946	0.388945	
Predictive distribution ~ N(-0.038778,1.055872)
[58] Add data point (-0.151289,-0.267779):
Posterior mean:
0.958924	2.514429	3.151617	2.253573	
Posterior covariance:
0.032956	0.003679	-0.051956	-0.000389	0.003679	0.169887	0.001549	-0.212838	-0.051956	0.001549	0.170869	-0.027458	-0.000389	-0.212838	-0.027458	0.388024	
Predictive distribution ~ N(0.642850,1.033220)
[59] Add data point (0.028006,0.559369):
Posterior mean:
0.943824	2.510572	3.175296	2.256483	
Posterior covariance:
0.031901	0.003409	-0.050301	-0.000185	0.003409	0.169818	0.001972	-0.212786	-0.050301	0.001972	0.168274	-0.027777	-0.000185	-0.212786	-0.027777	0.387985	
Predictive distribution ~ N(1.016676,1.032146)
[60] Add data point (0.162860,1.153271):
Posterior mean:
0.935000	2.502009	3.188237	2.266096	
Posterior covariance:
0.030964	0.002501	-0.048929	0.000834	0.002501	0.168936	0.003304	-0.211797	-0.048929	0.003304	0.166261	-0.029272	0.000834	-0.211797	-0.029272	0.386875	
Predictive distribution ~ N(1.436830,1.033520)
[61] Add data point (0.712586,5.091763):
Posterior mean:
0.934491	2.499034	3.186545	2.267646	
Posterior covariance:
0.030900	0.002126	-0.049142	0.001030	0.002126	0.166743	0.002056	-0.210654	-0.049142	0.002056	0.165552	-0.028623	0.001030	-0.210654	-0.028623	0.386279	
Predictive distribution ~ N(5.153841,1.045037)
[62] Add data point (0.708063,5.600754):
Posterior mean:
0.938338	2.521005	3.198444	2.255652	
Posterior covariance:
0.030837	0.001764	-0.049338	0.001227	0.001764	0.164678	0.000938	-0.209527	-0.049338	0.000938	0.164946	-0.028012	0.001227	-0.209527	-0.028012	0.385664	
Predictive distribution ~ N(5.127658,1.042721)
[63] Add data point (0.967337,9.618758):
Posterior mean:
0.925158	2.491810	3.283301	2.383554	
Posterior covariance:
0.030700	0.001461	-0.048458	0.002553	0.001461	0.164008	0.002887	-0.206590	-0.048458	0.002887	0.159283	-0.036548	0.002553	-0.206590	-0.036548	0.372798	
Predictive distribution ~ N(8.565428,1.127376)
[64] Add data point (-0.692006,2.067842):
Posterior mean:
0.936334	2.408167	3.358500	2.392424	
Posterior covariance:
0.030670	0.001688	-0.048662	0.002529	0.001688	0.162315	0.004408	-0.206410	-0.048662	0.004408	0.157915	-0.036710	0.002529	-0.206410	-0.036710	0.372779	
Predictive distribution ~ N(0.085353,1.048992)
[65] Add data point (0.653785,3.302710):
Posterior mean:
0.921573	2.342440	3.344017	2.447948	
Posterior covariance:
0.030539	0.001102	-0.048791	0.003023	0.001102	0.159710	0.003834	-0.204210	-0.048791	0.003834	0.157788	-0.036225	0.003023	-0.204210	-0.036225	0.370920	
Predictive distribution ~ N(4.566453,1.036891)
[66] Add data point (-0.405674,1.813011):
Posterior mean:
0.952311	2.272945	3.313138	2.525484	
Posterior covariance:
0.030077	0.002147	-0.048327	0.001858	0.002147	0.157349	0.002785	-0.201576	-0.048327	0.002785	0.157322	-0.035054	0.001858	-0.201576	-0.035054	0.367981	
Predictive distribution ~ N(0.406877,1.033456)
[67] Add data point (0.629204,4.740738):
Posterior mean:
0.957450	2.293908	3.315948	2.506476	
Posterior covariance:
0.029920	0.001506	-0.048413	0.002439	0.001506	0.154736	0.002435	-0.199206	-0.048413	0.002435	0.157275	-0.034737	0.002439	-0.199206	-0.034737	0.365833	
Predictive distribution ~ N(4.337924,1.035225)
[68] Add data point (-0.290574,-0.627737):
Posterior mean:
0.929544	2.336165	3.354488	2.453147	
Posterior covariance:
0.029298	0.002448	-0.047554	0.001251	0.002448	0.153310	0.001135	-0.197407	-0.047554	0.001135	0.156089	-0.033096	0.001251	-0.197407	-0.033096	0.363562	
Predictive distribution ~ N(0.473760,1.031327)
[69] Add data point (-0.252427,0.086192):
Posterior mean:
0.918905	2.349865	3.369998	2.435245	
Posterior covariance:
0.028661	0.003268	-0.046625	0.000179	0.003268	0.152254	-0.000061	-0.196026	-0.046625	-0.000061	0.154735	-0.031533	0.000179	-0.196026	-0.031533	0.361758	
Predictive distribution ~ N(0.501300,1.029961)
[70] Add data point (-0.320630,-0.118071):
Posterior mean:
0.906738	2.370715	3.385815	2.409718	
Posterior covariance:
0.028156	0.004133	-0.045969	-0.000881	0.004133	0.150771	-0.001186	-0.194211	-0.045969	-0.001186	0.153882	-0.030155	-0.000881	-0.194211	-0.030155	0.359535	
Predictive distribution ~ N(0.415260,1.029806)
[71] Add data point (0.967726,8.901678):
Posterior mean:
0.903144	2.362391	3.407229	2.443153	
Posterior covariance:
0.028034	0.003852	-0.045245	0.000249	0.003852	0.150120	0.000489	-0.191595	-0.045245	0.000489	0.149571	-0.036885	0.000249	-0.191595	-0.036885	0.349027	
Predictive distribution ~ N(8.594288,1.111836)
[72] Add data point (-0.601485,-0.181489):
Posterior mean:
0.899873	2.378077	3.401388	2.433935	
Posterior covariance:
0.027951	0.004252	-0.045394	0.000014	0.004252	0.148203	0.001203	-0.190468	-0.045394	0.001203	0.149305	-0.037305	0.000014	-0.190468	-0.037305	0.348365	
Predictive distribution ~ N(0.170421,1.035130)
[73] Add data point (-0.676700,0.694981):
Posterior mean:
0.902340	2.357069	3.420815	2.436165	
Posterior covariance:
0.027933	0.004402	-0.045532	-0.000002	0.004402	0.146928	0.002382	-0.190333	-0.045532	0.002382	0.148215	-0.037430	-0.000002	-0.190333	-0.037430	0.348351	
Predictive distribution ~ N(0.118871,1.041411)
[74] Add data point (0.227861,2.080602):
Posterior mean:
0.913531	2.372127	3.404922	2.418816	
Posterior covariance:
0.027249	0.003481	-0.044561	0.001059	0.003481	0.145690	0.003689	-0.188906	-0.044561	0.003689	0.146836	-0.038936	0.001059	-0.188906	-0.038936	0.346707	
Predictive distribution ~ N(1.659447,1.031263)
[75] Add data point (-0.177955,1.897504):
Posterior mean:
0.945722	2.344979	3.353408	2.459019	
Posterior covariance:
0.026631	0.004003	-0.043571	0.000286	0.004003	0.145250	0.002854	-0.188255	-0.043571	0.002854	0.145251	-0.037700	0.000286	-0.188255	-0.037700	0.345742	
Predictive distribution ~ N(0.620759,1.026803)
[76] Add data point (0.106390,-0.363033):
Posterior mean:
0.904404	2.315019	3.418220	2.489743	
Posterior covariance:
0.025944	0.003505	-0.042494	0.000796	0.003505	0.144889	0.003635	-0.187885	-0.042494	0.003635	0.143563	-0.038500	0.000796	-0.187885	-0.038500	0.345362	
Predictive distribution ~ N(1.192386,1.027349)
[77] Add data point (-0.173932,0.781720):
Posterior mean:
0.908847	2.311212	3.411090	2.495378	
Posterior covariance:
0.025381	0.003988	-0.041591	0.000082	0.003988	0.144476	0.002860	-0.187273	-0.041591	0.002860	0.142112	-0.037354	0.000082	-0.187273	-0.037354	0.344456	
Predictive distribution ~ N(0.596916,1.025626)
[78] Add data point (0.656835,5.013956):
Posterior mean:
0.912827	2.329788	3.415439	2.479021	
Posterior covariance:
0.025283	0.003529	-0.041698	0.000486	0.003529	0.142335	0.002359	-0.185388	-0.041698	0.002359	0.141995	-0.036912	0.000486	-0.185388	-0.036912	0.342796	
Predictive distribution ~ N(4.619144,1.032878)
[79] Add data point (0.403243,3.458590):
Posterior mean:
0.929995	2.372070	3.398168	2.429304	
Posterior covariance:
0.024897	0.002579	-0.041310	0.001603	0.002579	0.139995	0.003315	-0.182637	-0.041310	0.003315	0.141605	-0.038036	0.001603	-0.182637	-0.038036	0.339562	
Predictive distribution ~ N(2.598364,1.031687)
[80] Add data point (-0.104232,0.040196):
Posterior mean:
0.914032	2.379841	3.424626	2.416203	
Posterior covariance:
0.024327	0.002857	-0.040365	0.001135	0.002857	0.139860	0.002855	-0.182409	-0.040365	0.002855	0.140038	-0.037260	0.001135	-0.182409	-0.037260	0.339178	
Predictive distribution ~ N(0.700446,1.024339)
[81] Add data point (-0.145836,1.591110):
Posterior mean:
0.935599	2.364015	3.389361	2.440432	
Posterior covariance:
0.023808	0.003238	-0.039517	0.000552	0.003238	0.139581	0.002233	-0.181982	-0.039517	0.002233	0.138652	-0.036308	0.000552	-0.181982	-0.036308	0.338523	
Predictive distribution ~ N(0.655356,1.024041)
[82] Add data point (0.468685,3.186353):
Posterior mean:
0.937979	2.371197	3.387687	2.432188	
Posterior covariance:
0.023538	0.002421	-0.039327	0.001489	0.002421	0.137118	0.002807	-0.179154	-0.039327	0.002807	0.138518	-0.036967	0.001489	-0.179154	-0.036967	0.335279	
Predictive distribution ~ N(3.043888,1.030811)
[83] Add data point (-0.990874,-2.665852):
Posterior mean:
0.971662	2.293576	3.156526	2.758784	
Posterior covariance:
0.023250	0.003085	-0.037351	-0.001302	0.003085	0.135589	-0.001746	-0.172723	-0.037351	-0.001746	0.124961	-0.017813	-0.001302	-0.172723	-0.017813	0.308217	
Predictive distribution ~ N(-0.885748,1.196052)
[84] Add data point (-0.883655,0.664954):
Posterior mean:
0.963513	2.294719	3.234469	2.679583	
Posterior covariance:
0.023196	0.003092	-0.036830	-0.001831	0.003092	0.135588	-0.001819	-0.172648	-0.036830	-0.001819	0.119980	-0.012751	-0.001831	-0.172648	-0.012751	0.303073	
Predictive distribution ~ N(-0.387511,1.091776)
[85] Add data point (-0.430877,0.706730):
Posterior mean:
0.968621	2.280627	3.230176	2.695052	
Posterior covariance:
0.022972	0.003711	-0.036642	-0.002510	0.003711	0.133883	-0.002338	-0.170776	-0.036642	-0.002338	0.119821	-0.012181	-0.002510	-0.170776	-0.012181	0.301018	
Predictive distribution ~ N(0.370060,1.026446)
[86] Add data point (0.452894,3.639127):
Posterior mean:
0.980506	2.314380	3.220152	2.656808	
Posterior covariance:
0.022694	0.002923	-0.036408	-0.001618	0.002923	0.131647	-0.001674	-0.168243	-0.036408	-0.001674	0.119624	-0.012933	-0.001618	-0.168243	-0.012933	0.298148	
Predictive distribution ~ N(2.935970,1.029754)
[87] Add data point (-0.812037,-0.568333):
Posterior mean:
0.981491	2.319615	3.202433	2.668388	
Posterior covariance:
0.022687	0.002884	-0.036273	-0.001706	0.002884	0.131435	-0.000957	-0.168712	-0.036273	-0.000957	0.117195	-0.011346	-0.001706	-0.168712	-0.011346	0.297110	
Predictive distribution ~ N(-0.219240,1.057127)
[88] Add data point (0.718576,5.501683):
Posterior mean:
0.982586	2.326565	3.206360	2.664621	
Posterior covariance:
0.022659	0.002705	-0.036374	-0.001609	0.002705	0.130300	-0.001598	-0.168097	-0.036374	-0.001598	0.116833	-0.010998	-0.001609	-0.168097	-0.010998	0.296777	
Predictive distribution ~ N(5.298686,1.032040)
[89] Add data point (0.984030,10.911246):
Posterior mean:
0.962232	2.271751	3.321534	2.851720	
Posterior covariance:
0.022542	0.002391	-0.035714	-0.000537	0.002391	0.129455	0.000180	-0.165210	-0.035714	0.000180	0.113098	-0.017065	-0.000537	-0.165210	-0.017065	0.286922	
Predictive distribution ~ N(9.131252,1.107998)
[90] Add data point (0.088728,2.264865):
Posterior mean:
0.985792	2.286180	3.285029	2.835858	
Posterior covariance:
0.022049	0.002088	-0.034950	-0.000205	0.002088	0.129270	0.000648	-0.165006	-0.034950	0.000648	0.111914	-0.017580	-0.000205	-0.165006	-0.017580	0.286698	
Predictive distribution ~ N(1.216484,1.022874)
[91] Add data point (0.510148,5.406152):
Posterior mean:
1.013298	2.377197	3.269640	2.735802	
Posterior covariance:
0.021858	0.001459	-0.034843	0.000487	0.001459	0.127186	0.001000	-0.162716	-0.034843	0.001000	0.111854	-0.017967	0.000487	-0.162716	-0.017967	0.284180	
Predictive distribution ~ N(3.440172,1.028008)
[92] Add data point (0.785741,6.910873):
Posterior mean:
1.014440	2.392435	3.286995	2.735406	
Posterior covariance:
0.021855	0.001420	-0.034887	0.000488	0.001420	0.126672	0.000415	-0.162703	-0.034887	0.000415	0.111187	-0.017952	0.000488	-0.162703	-0.017952	0.284180	
Predictive distribution ~ N(6.250590,1.034561)
[93] Add data point (0.688381,6.246010):
Posterior mean:
1.021572	2.431890	3.300496	2.705247	
Posterior covariance:
0.021815	0.001196	-0.034964	0.000660	0.001196	0.125429	-0.000011	-0.161753	-0.034964	-0.000011	0.111042	-0.017627	0.000660	-0.161753	-0.017627	0.283454	
Predictive distribution ~ N(5.142102,1.027188)
[94] Add data point (0.319190,0.760578):
Posterior mean:
0.995005	2.380666	3.334998	2.767262	
Posterior covariance:
0.021476	0.000542	-0.034524	0.001452	0.000542	0.124169	0.000838	-0.160227	-0.034524	0.000838	0.110470	-0.018655	0.001452	-0.160227	-0.018655	0.281606	
Predictive distribution ~ N(2.184655,1.025581)
[95] Add data point (0.682177,3.871100):
Posterior mean:
0.987843	2.340756	3.321759	2.798406	
Posterior covariance:
0.021438	0.000330	-0.034594	0.001616	0.000330	0.122991	0.000448	-0.159308	-0.034594	0.000448	0.110340	-0.018350	0.001616	-0.159308	-0.018350	0.280889	
Predictive distribution ~ N(5.018876,1.026019)
[96] Add data point (-0.574900,-0.774269):
Posterior mean:
0.978753	2.378958	3.316879	2.766125	
Posterior covariance:
0.021350	0.000700	-0.034641	0.001304	0.000700	0.121437	0.000646	-0.157995	-0.034641	0.000646	0.110315	-0.018518	0.001304	-0.157995	-0.018518	0.279780	
Predictive distribution ~ N(0.181760,1.027001)
[97] Add data point (-0.417713,-0.614223):
Posterior mean:
0.964547	2.415525	3.330510	2.724529	
Posterior covariance:
0.021133	0.001259	-0.034433	0.000669	0.001259	0.119999	0.000110	-0.156359	-0.034433	0.000110	0.110115	-0.017908	0.000669	-0.156359	-0.017908	0.277919	
Predictive distribution ~ N(0.338096,1.024653)
[98] Add data point (-0.008059,1.664091):
Posterior mean:
0.979414	2.415731	3.306276	2.725886	
Posterior covariance:
0.020696	0.001253	-0.033721	0.000629	0.001253	0.119999	0.000120	-0.156360	-0.033721	0.000120	0.108954	-0.017843	0.000629	-0.156360	-0.017843	0.277915	
Predictive distribution ~ N(0.960159,1.020679)
[99] Add data point (-0.124906,1.473650):
Posterior mean:
0.994106	2.405871	3.282781	2.740084	
Posterior covariance:
0.020304	0.001516	-0.033093	0.000250	0.001516	0.119823	-0.000301	-0.156105	-0.033093	-0.000301	0.107951	-0.017237	0.000250	-0.156105	-0.017237	0.277549	
Predictive distribution ~ N(0.739475,1.020714)
[100] Add data point (-0.274118,2.290628):
Posterior mean:
1.024148	2.357282	3.240396	2.802302	
Posterior covariance:
0.020008	0.001995	-0.032676	-0.000363	0.001995	0.119048	-0.000976	-0.155114	-0.032676	-0.000976	0.107362	-0.016372	-0.000363	-0.155114	-0.016372	0.276279	
Predictive distribution ~ N(0.563741,1.022027)
[101] Add data point (0.005507,2.221704):
Posterior mean:
1.047393	2.360359	3.202450	2.800888	
Posterior covariance:
0.019615	0.001943	-0.032035	-0.000339	0.001943	0.119042	-0.000891	-0.155111	-0.032035	-0.000891	0.106315	-0.016411	-0.000339	-0.155111	-0.016411	0.276278	
Predictive distribution ~ N(1.060490,1.019638)
[102] Add data point (0.675623,3.925517):
Posterior mean:
1.041094	2.325685	3.191445	2.828750	
Posterior covariance:
0.019577	0.001736	-0.032100	-0.000174	0.001736	0.117906	-0.001252	-0.154198	-0.032100	-0.001252	0.106201	-0.016121	-0.000174	-0.154198	-0.016121	0.275545	
Predictive distribution ~ N(4.941552,1.025098)
[103] Add data point (-0.538843,-0.782094):
Posterior mean:
1.031479	2.364803	3.189457	2.792626	
Posterior covariance:
0.019492	0.002083	-0.032118	-0.000494	0.002083	0.116495	-0.001180	-0.152895	-0.032118	-0.001180	0.106197	-0.016188	-0.000494	-0.152895	-0.016188	0.274341	
Predictive distribution ~ N(0.246369,1.024304)
[104] Add data point (0.429637,2.906609):
Posterior mean:
1.032167	2.366701	3.188775	2.790364	
Posterior covariance:
0.019289	0.001524	-0.031916	0.000173	0.001524	0.114950	-0.000625	-0.151054	-0.031916	-0.000625	0.105998	-0.016849	0.000173	-0.151054	-0.016849	0.272148	
Predictive distribution ~ N(2.858894,1.024499)
[105] Add data point (0.303216,0.851344):
Posterior mean:
1.011300	2.326871	3.217094	2.839475	
Posterior covariance:
0.019013	0.000996	-0.031541	0.000824	0.000996	0.113943	0.000092	-0.149812	-0.031541	0.000092	0.105488	-0.017733	0.000824	-0.149812	-0.017733	0.270616	
Predictive distribution ~ N(2.091784,1.022822)
[106] Add data point (0.232790,0.852017):
Posterior mean:
0.995654	2.304010	3.240304	2.867653	
Posterior covariance:
0.018712	0.000556	-0.031094	0.001366	0.000556	0.113299	0.000745	-0.149019	-0.031094	0.000745	0.104825	-0.018538	0.001366	-0.149019	-0.018538	0.269639	
Predictive distribution ~ N(1.743775,1.021243)
[107] Add data point (-0.426642,0.989699):
Posterior mean:
1.003231	2.282502	3.233810	2.891878	
Posterior covariance:
0.018554	0.001004	-0.030959	0.000862	0.001004	0.112027	0.000361	-0.147586	-0.030959	0.000361	0.104709	-0.018105	0.000862	-0.147586	-0.018105	0.268025	
Predictive distribution ~ N(0.393469,1.022446)
[108] Add data point (-0.196347,3.039565):
Posterior mean:
1.043299	2.236117	3.171090	2.955198	
Posterior covariance:
0.018265	0.001338	-0.030507	0.000405	0.001338	0.111640	-0.000162	-0.147058	-0.030507	-0.000162	0.104002	-0.017391	0.000405	-0.147058	-0.017391	0.267304	
Predictive distribution ~ N(0.704127,1.019431)
[109] Add data point (-0.438337,-0.859189):
Posterior mean:
1.028514	2.280342	3.182369	2.906244	
Posterior covariance:
0.018129	0.001744	-0.030403	-0.000044	0.001744	0.110425	-0.000472	-0.145713	-0.030403	-0.000472	0.103923	-0.017048	-0.000044	-0.145713	-0.017048	0.265816	
Predictive distribution ~ N(0.395644,1.021736)
[110] Add data point (0.550028,2.522312):
Posterior mean:
1.016859	2.235422	3.184798	2.954731	
Posterior covariance:
0.018034	0.001376	-0.030384	0.000353	0.001376	0.109007	-0.000396	-0.144183	-0.030384	-0.000396	0.103919	-0.017131	0.000353	-0.144183	-0.017131	0.264164	
Predictive distribution ~ N(3.701571,1.022836)
[111] Add data point (-0.594003,0.079393):
Posterior mean:
1.016144	2.239129	3.183673	2.951994	
Posterior covariance:
0.017994	0.001585	-0.030447	0.000199	0.001585	0.107926	-0.000067	-0.143384	-0.030447	-0.000067	0.103819	-0.017373	0.000199	-0.143384	-0.017373	0.263574	
Predictive distribution ~ N(0.190719,1.024021)
[112] Add data point (-0.393055,-0.616337):
Posterior mean:
1.002943	2.272655	3.197574	2.912493	
Posterior covariance:
0.017837	0.001983	-0.030282	-0.000271	0.001983	0.106914	-0.000487	-0.142192	-0.030282	-0.000487	0.103645	-0.016879	-0.000271	-0.142192	-0.016879	0.262169	
Predictive distribution ~ N(0.426807,1.020500)
[113] Add data point (0.465868,3.836239):
Posterior mean:
1.012288	2.301322	3.190105	2.878938	
Posterior covariance:
0.017692	0.001540	-0.030166	0.000249	0.001540	0.105553	-0.000132	-0.140599	-0.030166	-0.000132	0.103553	-0.017294	0.000249	-0.140599	-0.017294	0.260305	
Predictive distribution ~ N(3.067847,1.022499)
[114] Add data point (0.308244,1.893675):
Posterior mean:
1.009060	2.295008	3.194507	2.886764	
Posterior covariance:
0.017463	0.001091	-0.029853	0.000805	0.001091	0.104675	0.000480	-0.139511	-0.029853	0.000480	0.103126	-0.018052	0.000805	-0.139511	-0.018052	0.258957	
Predictive distribution ~ N(2.104550,1.021017)
[115] Add data point (0.997401,9.783753):
Posterior mean:
1.004933	2.282068	3.216556	2.926889	
Posterior covariance:
0.017366	0.000789	-0.029339	0.001741	0.000789	0.103728	0.002094	-0.136575	-0.029339	0.002094	0.100376	-0.023057	0.001741	-0.136575	-0.023057	0.249850	
Predictive distribution ~ N(9.385055,1.100845)
[116] Add data point (-0.758538,-2.206174):
Posterior mean:
1.006656	2.315768	3.143769	2.960381	
Posterior covariance:
0.017366	0.000775	-0.029308	0.001727	0.000775	0.103448	0.002699	-0.136853	-0.029308	0.002699	0.099069	-0.022455	0.001727	-0.136853	-0.022455	0.249573	
Predictive distribution ~ N(-0.233132,1.039125)
[117] Add data point (-0.646557,0.631659):
Posterior mean:
1.009115	2.299166	3.153514	2.968309	
Posterior covariance:
0.017349	0.000888	-0.029374	0.001673	0.000888	0.102684	0.003148	-0.136488	-0.029374	0.003148	0.098805	-0.022669	0.001673	-0.136488	-0.022669	0.249399	
Predictive distribution ~ N(0.038569,1.024867)
[118] Add data point (0.809183,5.171815):
Posterior mean:
1.009477	2.281415	3.120066	2.957280	
Posterior covariance:
0.017349	0.000892	-0.029367	0.001675	0.000892	0.102501	0.002804	-0.136602	-0.029367	0.002804	0.098158	-0.022883	0.001675	-0.136602	-0.022883	0.249328	
Predictive distribution ~ N(6.465379,1.031263)
[119] Add data point (-0.331839,-0.028500):
Posterior mean:
1.002509	2.295506	3.129513	2.939364	
Posterior covariance:
0.017163	0.001267	-0.029116	0.001198	0.001267	0.101742	0.002295	-0.135636	-0.029116	0.002295	0.097816	-0.022236	0.001198	-0.135636	-0.022236	0.248101	
Predictive distribution ~ N(0.477975,1.019265)
[120] Add data point (-0.923396,-2.896264):
Posterior mean:
1.021399	2.264458	2.994875	3.109131	
Posterior covariance:
0.017077	0.001409	-0.028499	0.000420	0.001409	0.101508	0.001281	-0.134358	-0.028499	0.001281	0.093419	-0.016691	0.000420	-0.134358	-0.016691	0.241109	
Predictive distribution ~ N(-0.963937,1.094179)
[121] Add data point (-0.781222,-2.427804):
Posterior mean:
1.024550	2.289883	2.925763	3.147632	
Posterior covariance:
0.017074	0.001389	-0.028443	0.000389	0.001389	0.101345	0.001726	-0.134606	-0.028443	0.001726	0.092208	-0.016016	0.000389	-0.134606	-0.016016	0.240734	
Predictive distribution ~ N(-0.479487,1.038136)
[122] Add data point (0.980937,9.503177):
Posterior mean:
1.021038	2.279801	2.944974	3.180498	
Posterior covariance:
0.017007	0.001195	-0.028075	0.001020	0.001195	0.100789	0.002785	-0.132794	-0.028075	0.002785	0.090190	-0.019469	0.001020	-0.132794	-0.019469	0.234827	
Predictive distribution ~ N(9.093190,1.080940)
[123] Add data point (0.639698,5.930351):
Posterior mean:
1.030101	2.324145	2.952609	3.138402	
Posterior covariance:
0.016965	0.000990	-0.028110	0.001215	0.000990	0.099783	0.002612	-0.131839	-0.028110	0.002612	0.090161	-0.019304	0.001215	-0.131839	-0.019304	0.233921	
Predictive distribution ~ N(4.546647,1.020899)
[124] Add data point (0.630197,4.612735):
Posterior mean:
1.031155	2.329143	2.953315	3.133549	
Posterior covariance:
0.016920	0.000779	-0.028140	0.001420	0.000779	0.098786	0.002471	-0.130870	-0.028140	0.002471	0.090141	-0.019168	0.001420	-0.130870	-0.019168	0.232980	
Predictive distribution ~ N(4.456143,1.020449)
[125] Add data point (-0.567133,2.537510):
Posterior mean:
1.048357	2.255765	2.960390	3.198286	
Posterior covariance:
0.016870	0.000994	-0.028160	0.001230	0.000994	0.097869	0.002559	-0.130062	-0.028160	0.002559	0.090132	-0.019245	0.001230	-0.130062	-0.019245	0.232267	
Predictive distribution ~ N(0.137811,1.020124)
[126] Add data point (0.545204,4.229430):
Posterior mean:
1.053363	2.274202	2.958715	3.177832	
Posterior covariance:
0.016786	0.000686	-0.028132	0.001572	0.000686	0.096734	0.002662	-0.128803	-0.028132	0.002662	0.090123	-0.019360	0.001572	-0.128803	-0.019360	0.230870	
Predictive distribution ~ N(3.687739,1.020337)
[127] Add data point (0.683871,4.903681):
Posterior mean:
1.052889	2.271434	2.957722	3.180068	
Posterior covariance:
